4,12,16,20,28,32,36,44,48,52,60,64,68,76,80,84,92,96,100,
110,114,124,128,132,142,146,150,154,158,160,164,
174,178,186,190,
196,200,204,
208,212,216,
220,224,228,
236,240,244,248,252,
256,
260,264,268,
272,
276,280,284,288,292,296,300,304, 308,312,316,320,324,328,332,336,
348,352,356, 360,364,368,
378,380,384,388,392,396,400,402,
412,416,420,424,428,432,436,440,
444,446,448, 452,456,458,
464,466, 468,470,472,
476,480,484, 488,492,496,
506,508, 512,516,520,524,528,530,
540,544,548,552,556,560,564,568, 572,576,580,584,588,592,596,600,
608,612,616